sig50Rvs50OM,sigExp,sig50OM,sig90Reward,RPEsign,EXPsign,sig50R,OM50sign,Rewardsign,pureReward,pureExp,RPE,pureRewardWithCue,pureExpDir,pureRPEDir,brainArea,mixed,other
1,1,1,1,0,2,0,-1,0,0,0,0,0,0,0,Dorsal striatum,1,0
1,0,0,1,0,2,1,0,0,1,0,0,0,0,0,Lateral hypothalamus,0,0
1,1,1,1,0,2,0,1,0,0,0,0,0,0,0,PPTg,1,0
1,1,0,1,1,0,1,0,1,0,0,1,0,0,0,PPTg,0,0
0,1,1,1,0,2,1,1,0,0,1,0,0,2,0,PPTg,0,0
1,1,1,1,1,0,1,-1,1,0,0,1,0,0,0,PPTg,0,0
0,0,1,1,0,2,0,1,0,0,1,0,0,2,0,PPTg,0,0
1,0,0,1,0,1,1,0,1,1,0,0,1,0,0,PPTg,0,0
0,0,1,0,2,0,1,1,0,0,0,0,0,0,2,Ventral striatum,0,1
1,0,0,1,1,0,1,0,1,1,0,0,0,0,1,RMTg,0,0
1,0,1,1,1,0,1,-1,1,0,0,0,0,0,1,Lateral hypothalamus,1,0
1,0,1,1,1,0,1,-1,1,0,0,0,0,0,1,Lateral hypothalamus,1,0
0,1,1,1,1,0,1,-1,1,0,0,1,0,0,0,Lateral hypothalamus,0,1
1,0,1,1,0,2,1,1,0,0,0,0,0,0,0,Ventral striatum,1,0
0,0,0,0,2,0,0,0,0,0,0,0,0,0,0,RMTg,0,1
1,0,0,1,0,1,1,0,1,1,0,0,0,0,0,RMTg,0,0
0,0,0,0,0,0,0,0,0,0,0,0,0,0,0,PPTg,0,1
0,0,1,1,2,0,1,1,0,0,0,0,0,0,2,Ventral pallidum,0,1
0,0,0,0,0,0,0,0,0,0,0,0,0,0,0,RMTg,0,1
1,0,0,0,1,0,1,0,1,1,0,0,1,0,1,RMTg,0,0
1,1,0,1,1,0,1,0,1,0,0,1,0,0,0,Dopamine,0,0
0,0,1,1,0,2,1,1,0,0,1,0,0,2,0,VTA type3,0,0
0,0,0,0,0,2,0,0,0,0,0,0,0,0,0,Ventral striatum,0,1
1,1,0,1,1,0,1,0,1,0,0,1,0,0,0,Dopamine,0,0
1,1,1,1,1,0,1,1,1,0,0,1,0,0,0,Dopamine,0,0
1,0,0,1,1,0,1,0,1,1,0,0,1,0,1,Dopamine,0,0
1,1,1,1,1,0,1,1,1,0,0,1,0,0,0,Dopamine,0,0
0,1,1,1,0,1,1,-1,1,0,1,0,0,1,0,VTA type2,0,0
0,1,1,1,1,0,1,-1,1,0,0,1,0,0,0,VTA type2,0,1
1,1,1,1,0,2,1,1,0,0,0,0,0,0,0,VTA type3,1,0
0,1,1,1,2,0,1,1,0,0,0,1,0,0,0,VTA type3,0,1
0,0,1,1,0,2,1,1,0,0,1,0,0,2,0,VTA type3,0,0
1,1,0,1,0,2,1,0,0,0,0,0,0,0,0,VTA type3,1,0
1,0,1,1,2,0,1,1,0,0,0,0,0,0,2,VTA type3,1,0
1,0,1,1,2,0,1,1,0,0,0,0,0,0,2,VTA type3,1,0
1,1,1,1,0,1,1,-1,1,0,0,0,0,0,0,VTA type2,1,0
1,1,1,1,1,0,1,-1,1,0,0,1,0,0,0,VTA type2,0,0
0,1,1,1,0,2,1,1,0,0,1,0,0,2,0,VTA type3,0,0
1,0,0,1,2,0,1,0,0,1,0,0,1,0,2,VTA type3,0,0
1,1,0,0,0,0,0,0,0,0,0,0,0,0,0,VTA type3,1,0
1,0,1,1,0,2,1,1,0,0,0,0,0,0,0,VTA type3,1,0
0,0,1,1,0,1,1,-1,1,0,1,0,0,1,0,VTA type2,0,0
1,0,1,1,1,0,1,-1,1,0,0,0,0,0,1,VTA type2,1,0
0,1,1,0,2,0,1,1,0,0,0,1,0,0,0,VTA type3,0,1
1,1,1,1,0,2,0,1,0,0,0,0,0,0,0,VTA type3,1,0
0,0,0,1,0,2,1,0,0,0,1,0,0,2,0,VTA type3,0,0
0,1,1,1,0,2,0,1,0,0,1,0,0,2,0,VTA type3,0,0
1,1,0,1,1,0,1,0,1,0,0,1,0,0,0,Dopamine,0,0
1,0,1,1,0,2,1,1,0,0,0,0,0,0,0,VTA type3,1,0
1,1,1,1,0,1,1,-1,1,0,0,0,0,0,0,VTA type2,1,0
1,1,1,1,1,0,1,1,1,0,0,1,0,0,0,Dopamine,0,0
1,0,1,1,1,0,1,-1,1,0,0,0,0,0,1,Dopamine,1,0
0,0,0,1,0,2,1,0,0,0,1,0,0,2,0,VTA type3,0,0
1,0,1,1,1,0,1,1,1,0,0,0,0,0,1,Dopamine,1,0
1,1,1,1,1,0,1,-1,1,0,0,1,0,0,0,Dopamine,0,0
1,1,1,1,1,0,1,1,1,0,0,1,0,0,0,Dopamine,0,0
0,0,0,0,0,2,0,0,0,0,0,0,0,0,0,VTA type2,0,1
1,1,1,1,1,0,1,-1,1,0,0,1,0,0,0,VTA type2,0,0
0,0,1,1,1,0,1,-1,1,0,0,0,0,0,1,VTA type2,0,1
1,1,1,1,1,0,1,1,1,0,0,1,0,0,0,Dopamine,0,0
1,1,0,1,1,0,1,0,1,0,0,1,0,0,0,Dopamine,0,0
0,1,1,1,0,1,1,-1,1,0,1,0,0,1,0,VTA type2,0,0
0,0,1,1,0,1,1,-1,1,0,1,0,0,1,0,VTA type2,0,0
0,0,0,0,0,1,0,0,1,0,0,0,0,0,0,VTA type2,0,1
1,1,1,1,1,0,1,1,1,0,0,1,0,0,0,Dopamine,0,0
0,1,1,1,0,1,1,-1,1,0,1,0,0,1,0,VTA type2,0,0
1,0,1,0,0,0,0,1,1,0,0,0,0,0,0,VTA type3,1,0
1,0,1,1,2,0,1,1,0,0,0,0,0,0,2,VTA type3,1,0
1,0,1,0,1,0,1,1,1,0,0,0,0,0,1,VTA type3,1,0
0,1,0,1,0,1,0,0,1,0,1,0,0,1,0,VTA type2,0,0
1,0,0,1,2,0,1,0,0,1,0,0,0,0,2,VTA type3,0,0
1,1,1,1,1,0,1,1,1,0,0,1,0,0,0,Dopamine,0,0
0,1,1,1,1,0,1,-1,1,0,0,1,0,0,0,VTA type2,0,1
1,0,1,1,1,0,1,-1,1,0,0,0,0,0,1,VTA type2,1,0
1,1,1,0,1,0,1,1,1,0,0,1,0,0,0,Dopamine,0,0
1,0,1,1,1,0,1,-1,1,0,0,0,0,0,1,VTA type2,1,0
1,1,1,0,1,0,1,1,1,0,0,1,0,0,0,Dopamine,0,0
0,0,0,0,0,0,0,0,1,0,0,0,0,0,0,VTA type2,0,1
1,0,1,1,1,0,1,-1,1,0,0,0,0,0,1,VTA type2,1,0
1,1,1,1,1,0,1,-1,1,0,0,1,0,0,0,VTA type2,0,0
1,1,1,1,1,0,1,1,1,0,0,1,0,0,0,Dopamine,0,0
0,1,1,1,0,2,1,1,0,0,1,0,0,2,0,VTA type3,0,0
1,1,1,1,1,0,1,1,1,0,0,1,0,0,0,Dopamine,0,0
0,0,1,1,0,2,1,1,0,0,1,0,0,2,0,VTA type3,0,0
0,0,1,1,0,2,1,1,0,0,1,0,0,2,0,VTA type3,0,0
1,0,1,1,1,0,1,-1,1,0,0,0,0,0,1,VTA type2,1,0
1,1,1,1,1,0,1,1,1,0,0,1,0,0,0,Dopamine,0,0
1,1,0,1,1,0,1,0,1,0,0,1,0,0,0,Dopamine,0,0
1,0,1,1,0,2,1,1,0,0,0,0,0,0,0,Dorsal striatum,1,0
0,0,0,0,0,0,0,0,0,0,0,0,0,0,0,Dorsal striatum,0,1
1,1,0,1,0,2,1,0,0,0,0,0,0,0,0,Ventral striatum,1,0
1,1,1,1,1,0,1,1,1,0,0,1,0,0,0,Dopamine,0,0
1,1,0,0,2,0,1,0,0,0,0,1,0,0,0,Ventral striatum,0,0
0,0,0,0,0,2,0,0,0,0,0,0,0,0,0,Ventral striatum,0,1
0,1,0,1,0,0,0,0,0,0,0,0,0,0,0,Dorsal striatum,0,1
0,0,0,0,1,0,0,0,1,0,0,0,0,0,0,Dorsal striatum,0,1
0,0,1,1,2,0,1,1,0,0,0,0,0,0,2,VTA type3,0,1
1,0,0,1,1,0,1,0,1,1,0,0,0,0,1,VTA type2,0,0
1,1,1,1,0,1,1,-1,1,0,0,0,0,0,0,VTA type2,1,0
1,1,0,1,1,0,1,0,1,0,0,1,0,0,0,Dopamine,0,0
1,0,1,1,1,0,1,1,1,0,0,0,0,0,1,Dopamine,1,0
1,1,1,1,1,0,1,1,1,0,0,1,0,0,0,Dopamine,0,0
1,0,0,1,0,1,1,0,1,1,0,0,1,0,0,Dopamine,0,0
1,0,1,1,0,2,1,1,0,0,0,0,0,0,0,VTA type3,1,0
1,1,1,1,1,0,1,1,1,0,0,1,0,0,0,Dopamine,0,0
0,1,1,1,1,0,1,-1,1,0,0,1,0,0,0,VTA type2,0,1
1,1,0,1,0,2,1,0,0,0,0,0,0,0,0,VTA type3,1,0
0,0,1,1,2,0,1,1,0,0,0,0,0,0,2,VTA type3,0,1
1,1,1,1,0,1,1,-1,1,0,0,0,0,0,0,VTA type2,1,0
1,1,1,1,1,0,1,1,1,0,0,1,0,0,0,Dopamine,0,0
1,1,1,1,1,0,1,-1,1,0,0,1,0,0,0,VTA type2,0,0
1,1,1,0,1,0,1,1,1,0,0,1,0,0,0,Dopamine,0,0
1,1,1,1,1,0,1,1,1,0,0,1,0,0,0,Dopamine,0,0
0,0,1,1,2,0,1,1,0,0,0,0,0,0,2,VTA type3,0,1
0,0,1,1,2,0,1,1,0,0,0,0,0,0,2,VTA type3,0,1
1,0,1,1,1,0,1,-1,1,0,0,0,0,0,1,VTA type2,1,0
1,0,1,1,1,0,1,-1,1,0,0,0,0,0,1,VTA type2,1,0
1,0,1,1,1,0,1,-1,1,0,0,0,0,0,1,VTA type2,1,0
1,1,1,1,1,0,1,1,1,0,0,1,0,0,0,Dopamine,0,0
1,1,1,1,1,0,1,-1,1,0,0,1,0,0,0,VTA type2,0,0
0,0,1,1,0,2,1,1,0,0,1,0,0,2,0,VTA type3,0,0
1,0,1,1,0,1,1,1,1,0,0,0,0,0,0,PPTg,1,0
1,1,1,0,0,0,1,1,0,0,0,0,0,0,0,PPTg,1,0
0,1,1,1,1,0,1,-1,1,0,0,1,0,0,0,Lateral hypothalamus,0,1
0,1,0,1,0,0,0,0,1,0,0,0,0,0,0,Lateral hypothalamus,0,1
1,0,1,0,0,1,0,1,1,0,0,0,0,0,0,Lateral hypothalamus,1,0
1,1,0,1,1,0,1,0,1,0,0,1,0,0,0,Lateral hypothalamus,0,0
0,0,0,1,0,1,0,0,1,0,1,0,0,1,0,PPTg,0,0
1,0,0,1,1,0,1,0,1,1,0,0,0,0,1,PPTg,0,0
1,0,1,0,1,0,1,1,1,0,0,0,0,0,1,PPTg,1,0
0,0,0,0,0,0,0,0,0,0,0,0,0,0,0,PPTg,0,1
1,0,0,1,1,0,1,0,1,1,0,0,0,0,1,PPTg,0,0
1,1,1,0,1,0,1,1,1,0,0,1,0,0,0,PPTg,0,0
0,0,1,1,1,0,1,-1,1,0,0,0,0,0,1,Ventral striatum,0,1
0,0,1,1,1,0,1,-1,1,0,0,0,0,0,1,Ventral striatum,0,1
0,1,1,1,1,0,1,-1,1,0,0,1,0,0,0,PPTg,0,1
1,1,1,1,0,2,1,1,0,0,0,0,0,0,0,PPTg,1,0
1,0,0,1,1,0,1,0,1,1,0,0,0,0,1,Ventral striatum,0,0
0,0,1,1,0,1,0,-1,1,0,1,0,0,1,0,Ventral striatum,0,0
1,0,1,1,1,0,1,1,1,0,0,0,0,0,1,Lateral hypothalamus,1,0
1,1,1,1,1,0,1,1,1,0,0,1,0,0,0,Lateral hypothalamus,0,0
1,0,1,1,0,2,1,1,0,0,0,0,0,0,0,Lateral hypothalamus,1,0
1,1,1,1,1,0,1,-1,1,0,0,1,0,0,0,Lateral hypothalamus,0,0
1,1,0,1,0,1,1,0,1,0,0,0,0,0,0,Lateral hypothalamus,1,0
1,1,1,1,1,0,1,-1,1,0,0,1,0,0,0,Subthalamic,0,0
1,0,1,1,0,1,1,-1,1,0,0,0,0,0,0,Subthalamic,1,0
1,1,1,1,1,0,1,-1,1,0,0,1,0,0,0,Subthalamic,0,0
1,0,1,1,1,0,1,-1,1,0,0,0,0,0,1,Subthalamic,1,0
1,0,1,1,1,0,1,-1,1,0,0,0,0,0,1,PPTg,1,0
0,0,0,0,0,2,0,0,0,0,0,0,0,0,0,PPTg,0,1
0,0,1,1,0,2,1,1,0,0,1,0,0,2,0,Lateral hypothalamus,0,0
1,0,1,1,1,0,1,-1,1,0,0,0,0,0,1,Lateral hypothalamus,1,0
1,1,1,1,1,0,1,1,1,0,0,1,0,0,0,Lateral hypothalamus,0,0
1,1,1,1,1,0,1,1,1,0,0,1,0,0,0,Lateral hypothalamus,0,0
1,0,1,1,1,0,1,1,1,0,0,0,0,0,1,Lateral hypothalamus,1,0
1,0,1,1,0,2,1,1,0,0,0,0,0,0,0,PPTg,1,0
1,0,1,1,0,2,0,-1,0,0,0,0,0,0,0,PPTg,1,0
1,1,1,1,0,2,0,-1,0,0,0,0,0,0,0,PPTg,1,0
0,0,0,1,0,1,1,0,1,0,1,0,0,1,0,PPTg,0,0
1,0,1,1,0,1,1,-1,1,0,0,0,0,0,0,Lateral hypothalamus,1,0
1,0,0,1,0,1,1,0,1,1,0,0,0,0,0,Lateral hypothalamus,0,0
0,0,0,0,0,1,0,0,1,0,0,0,0,0,0,Lateral hypothalamus,0,1
0,0,0,0,0,2,0,0,0,0,0,0,0,0,0,PPTg,0,1
0,1,1,1,0,2,1,1,0,0,1,0,0,2,0,PPTg,0,0
0,1,0,1,0,2,0,0,0,0,1,0,0,2,0,PPTg,0,0
0,0,1,1,0,1,1,-1,1,0,1,0,0,1,0,PPTg,0,0
1,1,0,0,0,0,1,0,0,0,0,0,0,0,0,PPTg,1,0
1,0,1,1,0,2,1,-1,0,0,0,0,0,0,0,PPTg,1,0
1,1,0,0,2,0,1,0,0,0,0,1,0,0,0,PPTg,0,0
1,0,0,1,1,0,1,0,1,1,0,0,1,0,1,RMTg,0,0
1,0,1,1,1,0,1,1,1,0,0,0,0,0,1,RMTg,1,0
